320	0
385	0
384	0
6	0
382	0
381	0
380	0
379	0
378	0
377	0
376	0
375	0
374	0
373	0
372	0
371	0
12	0
30	0
368	0
367	0
42	0
365	0
364	0
363	0
386	0
211	0
360	0
280	0
358	0
357	0
356	0
283	0
284	0
353	0
352	0
351	0
350	0
349	0
348	0
291	0
346	0
345	0
344	0
343	0
313	0
341	0
340	0
339	0
338	0
337	0
336	0
335	0
334	0
333	0
319	0
193	1
274	1
273	1
272	1
269	1
265	1
253	1
252	1
247	1
246	1
245	1
231	1
228	1
225	1
223	1
215	1
209	1
204	1
202	1
201	1
197	1
196	1
195	1
194	1
192	1
186	1
185	1
182	1
179	1
175	1
174	1
172	1
171	1
170	1
169	1
168	1
167	1
166	1
165	1
163	1
161	1
159	1
158	1
157	1
156	1
155	1
154	1
153	1
152	1
151	1
150	1
144	1
143	1
141	1
139	1
136	1
135	1
131	1
126	1
124	1
123	1
122	1
119	1
118	1
117	1
116	1
114	1
113	1
111	1
109	1
108	1
107	1
106	1
104	1
103	1
102	1
101	1
99	1
98	1
95	1
94	1
93	1
92	1
91	1
89	1
88	1
83	1
81	1
80	1
77	1
76	1
75	1
74	1
73	1
72	1
71	1
70	1
69	1
68	1
32	1
28	1
26	1
25	1
2	1
100	2
275	2
206	2
277	2
87	2
105	2
86	2
164	2
65	2
162	2
64	2
160	2
85	2
200	2
199	2
198	2
84	2
90	2
82	2
233	2
221	2
234	2
149	2
148	2
147	2
219	2
145	2
242	2
244	2
142	2
216	2
140	2
230	2
138	2
110	2
79	2
48	2
78	2
184	2
132	2
183	2
96	2
213	2
115	2
127	2
180	2
120	2
97	2
178	2
177	2
121	2
176	2
264	2
267	2
173	2
224	2
22	3
21	3
20	3
19	3
18	3
17	3
362	3
16	3
191	3
190	3
189	3
188	3
187	3
15	3
181	3
14	3
13	3
370	3
11	3
10	3
9	3
8	3
7	3
383	3
67	3
66	3
63	3
62	3
61	3
60	3
59	3
58	3
57	3
56	3
55	3
54	3
146	3
53	3
52	3
51	3
50	3
49	3
134	3
133	3
47	3
130	3
129	3
46	3
45	3
44	3
43	3
366	3
41	3
40	3
39	3
38	3
37	3
112	3
36	3
35	3
34	3
33	3
5	3
31	3
332	3
299	3
294	3
293	3
347	3
354	3
355	3
359	3
369	3
29	3
4	3
27	3
3	3
1	3
24	3
241	3
238	3
23	3
316	4
315	4
314	4
342	4
312	4
311	4
310	4
309	4
308	4
307	4
306	4
305	4
304	4
303	4
302	4
301	4
300	4
217	4
298	4
297	4
296	4
295	4
243	4
218	4
292	4
226	4
290	4
289	4
288	4
287	4
286	4
285	4
240	4
239	4
282	4
281	4
229	4
279	4
278	4
205	4
276	4
207	4
237	4
236	4
235	4
271	4
270	4
208	4
268	4
210	4
266	4
220	4
361	4
263	4
262	4
261	4
260	4
259	4
125	4
258	4
257	4
256	4
255	4
128	4
254	4
222	4
212	4
251	4
137	4
250	4
249	4
248	4
214	4
203	4
232	4
330	4
329	4
328	4
327	4
326	4
325	4
324	4
323	4
322	4
321	4
331	4
227	4
318	4
317	4
